2

100
38
-1
-1
14
-1
-1
-1
30
-1
-1
-1
-1
-1
-1
-1
-1
-1
-1
-1
-1
42
-1
-1
-1
-1
-1
-1
76
-1
-1
-1
10
-1
-1
-1
6
-1
-1
-1
-1
-1
-1
-1
-1
-1
-1
-1
26
-1
67
-1
-1
-1
-1
-1
-1
-1
-1
-1
-1
-1
18
-1
-1
-1
-1
-1
-1
-1
-1
92
-1
-1
-1
-1
-1
-1
-1
-1
99
-1
-1
-1
-1
-1
-1
-1  
24
-1  
-1  
-1  
-1  
-1  
-1  
56
-1  
78
-1  
-1  
-1 

30
-1
-1
22
-1
8
-1
-1
-1
-1
-1
26
-1
-1
-1
-1
-1
4
-1
7
29
9
-1
-1
-1
-1
-1
1
-1
-1
-1
